1
171
190
127
45
90
197
97
250
158
106
157
220
163
50
88
132
189
243
47
232
65
84
178
206
70
119
124
226
16
42
241
130
139
161
236
61
46
78
117
247
254
231
63
244
242
23
112
137
131
256
31
146
234
107
36
148
79
211
55
122
227
125
91
35
223
207
246
57
138
224
194
129
203
173
105
188
113
204
77
39
24
155
114
49
103
34
118
73
160
210
64
165
69
170
205
41
4
48
229
120
144
52
156
239
33
111
22
121
201
169
75
18
193
82
218
147
12
110
9
99
179
199
133
174
214
59
175
253
14
43
19
151
54
94
149
182
21
248
145
219
185
159
212
225
100
109
92
238
167
180
255
51
44
20
252
186
164
67
72
6
101
184
95
3
83
128
216
80
71
251
30
176
89
76
58
213
126
68
66
230
142
135
141
37
221
13
154
209
240
2
202
74
93
123
249
208
29
7
134
191
81
187
222
87
60
104
32
150
217
172
183
10
25
136
196
215
166
198
38
115
17
11
85
62
177
53
200
116
228
98
5
195
237
192
40
152
102
56
143
15
8
168
245
140
108
28
26
86
233
181
96
153
162
27
235
1
