0.000 5197.443
0.501 4360.641
1.001 3829.664
1.502 3829.664
2.002 3785.736
2.502 3785.736
3.002 3645.350
3.504 3645.350
4.005 3645.350
4.505 3645.350
5.006 3533.410
5.507 3533.410
6.008 3533.410
6.508 3533.410
7.009 3344.586
7.510 3239.792
8.011 3239.792
8.513 3239.792
9.013 3239.792
9.513 3007.007
10.014 3003.360
10.515 3003.360
11.016 3003.360
11.516 3003.360
12.018 3003.360
12.519 3003.360
13.020 3003.360
13.522 3003.360
14.022 3003.360
14.523 2802.376
15.024 2802.376
15.526 2802.376
16.027 2802.376
16.528 2802.376
17.028 2761.476
17.530 2761.476
18.031 2761.476
18.531 2459.765
19.032 2303.437
19.533 2146.444
20.034 2146.444
20.534 2146.444
21.034 1884.704
21.535 1863.221
22.036 1863.221
22.537 1863.221
23.039 1863.221
23.540 1747.985
24.041 1741.549
24.542 1718.667
25.042 1698.520
25.543 1698.520
26.044 1698.520
26.545 1698.520
27.045 1698.520
27.547 1698.520
28.048 1698.520
28.548 1698.520
29.049 1698.520
29.550 1698.520
30.051 1679.940
30.551 1679.940
31.051 1660.481
31.551 1660.481
32.053 1598.772
32.554 1591.046
33.055 1584.609
33.556 1558.956
34.057 1533.727
34.558 1533.727
35.059 1526.877
35.559 1486.880
36.061 1486.880
36.562 1479.917
37.063 1421.583
37.564 1421.583
38.065 1421.583
38.565 1415.053
39.065 1391.168
39.565 1370.545
40.066 1362.675
40.566 1362.675
41.067 1362.675
41.569 1362.675
42.069 1362.675
42.571 1356.196
43.073 1299.250
43.574 1296.145
44.075 1296.145
44.576 1296.145
45.077 1243.588
45.577 1231.413
46.077 1228.478
46.578 1221.810
47.078 1199.720
47.579 1184.424
48.080 1151.346
48.581 1151.346
49.082 1142.829
49.583 1125.312
50.084 1099.875
50.585 1072.878
51.087 1071.505
51.588 1058.877
52.088 1048.899
52.589 1037.222
53.091 1033.803
53.592 1033.803
54.092 1033.803
54.594 1033.803
55.094 1033.803
55.595 1033.803
56.096 1033.803
56.596 1024.837
57.097 1021.241
57.598 1020.813
58.099 1020.813
58.600 1020.813
59.102 1020.813
59.602 1020.813
60.103 1007.517
60.605 993.532
61.105 993.505
61.606 989.978
62.107 989.006
62.607 989.006
63.108 985.144
63.609 984.446
64.110 984.446
64.612 984.446
65.113 984.446
65.614 984.446
66.114 984.446
66.615 984.446
67.117 983.202
67.617 977.201
68.117 972.175
68.618 963.357
69.119 953.394
69.621 953.394
70.122 950.501
70.624 948.068
71.125 947.487
71.626 941.489
72.126 938.311
72.627 938.264
73.127 938.264
73.628 932.354
74.129 931.676
74.631 931.670
75.132 931.526
75.633 914.548
76.134 914.548
76.635 914.548
77.136 909.108
77.638 909.014
78.139 907.299
78.640 907.299
79.140 906.465
79.641 904.505
80.141 903.162
80.643 903.135
81.143 903.135
81.644 903.004
82.145 901.690
82.646 899.899
83.148 899.899
83.650 896.834
84.150 896.024
84.652 895.741
85.152 895.741
85.653 895.715
86.153 892.136
86.655 888.947
87.156 888.947
87.661 888.947
88.161 885.528
88.663 885.483
89.163 879.003
89.665 876.667
90.166 874.745
90.666 871.469
91.167 871.393
91.668 869.886
92.169 869.886
92.670 869.886
93.171 865.796
93.671 865.678
94.172 864.714
94.672 864.714
95.173 864.714
95.674 864.536
96.176 861.267
96.677 861.167
97.177 861.153
97.678 861.023
98.179 861.023
98.680 861.023
99.181 860.848
99.682 860.848
100.184 860.683
100.686 860.683
101.186 860.652
101.686 860.652
