0.000 6312.589
0.500 4812.348
1.002 4691.430
1.502 4691.430
2.002 4691.430
2.504 4691.430
3.006 4691.430
3.506 4691.430
4.007 4691.430
4.509 4691.430
5.010 4691.430
5.511 4691.430
6.012 4595.610
6.513 4530.449
7.015 4420.539
7.516 4420.539
8.018 4420.539
8.519 4358.902
9.019 4304.194
9.521 4304.194
10.021 4198.181
10.523 3962.531
11.024 3792.377
11.525 3792.377
12.027 3792.377
12.527 3792.377
13.028 3792.377
13.529 3792.377
14.030 3792.377
14.532 3792.377
15.034 3677.933
15.535 3677.933
16.037 3616.609
16.539 3554.669
17.039 3554.669
17.539 3554.669
18.041 3554.669
18.542 3554.669
19.043 3554.669
19.544 3527.761
20.045 3156.607
20.545 3156.607
21.047 3156.607
21.548 3121.844
22.049 3121.844
22.550 3121.844
23.052 3059.730
23.554 3041.706
24.055 2857.142
24.556 2811.486
25.056 2726.779
25.557 2726.779
26.058 2726.779
26.559 2643.475
27.059 2604.912
27.561 2376.709
28.061 2350.055
28.562 2340.663
29.063 2340.663
29.563 2340.663
30.064 2340.663
30.564 2340.663
31.065 2340.663
31.566 2340.663
32.067 2340.663
32.568 2275.528
33.070 2251.509
33.571 2190.749
34.073 2153.818
34.574 2143.827
35.074 2120.380
35.575 2116.655
36.076 2097.506
36.577 2081.073
37.078 2080.135
37.578 2062.814
38.078 2014.562
38.578 2014.562
39.078 1974.555
39.579 1962.977
40.080 1953.703
40.581 1928.202
41.082 1876.216
41.584 1845.741
42.084 1811.327
42.585 1761.445
43.086 1721.628
43.587 1710.240
44.088 1693.947
44.588 1693.768
45.090 1693.768
45.590 1651.898
46.091 1648.866
46.591 1624.505
47.092 1624.505
47.592 1606.677
48.093 1583.104
48.594 1568.372
49.095 1566.862
49.597 1531.826
50.098 1515.512
50.598 1515.083
51.100 1492.430
51.602 1492.430
52.103 1492.430
52.603 1478.732
53.104 1462.942
53.604 1462.942
54.105 1454.050
54.606 1447.666
55.108 1437.116
55.609 1435.232
56.111 1435.232
56.612 1435.232
57.113 1435.232
57.613 1428.105
58.115 1428.105
58.616 1420.830
59.117 1420.830
59.617 1416.866
60.117 1416.837
60.618 1416.837
61.119 1400.516
61.621 1395.937
62.122 1393.824
62.622 1382.135
63.124 1382.135
63.624 1378.661
64.125 1376.095
64.625 1376.095
65.126 1373.823
65.626 1370.931
66.126 1367.169
66.628 1366.058
67.129 1364.158
67.630 1360.959
68.130 1343.064
68.631 1329.868
69.132 1329.868
69.632 1327.271
70.133 1327.271
70.634 1324.434
71.135 1319.829
71.636 1309.791
72.137 1309.791
72.638 1309.791
73.139 1309.791
73.639 1302.139
74.141 1302.139
74.642 1300.857
75.142 1300.189
75.643 1300.189
76.144 1300.189
76.645 1300.189
77.145 1300.189
77.646 1296.979
78.146 1296.979
78.647 1296.979
79.148 1296.979
79.650 1288.083
80.152 1285.831
80.652 1285.831
81.152 1285.831
81.652 1285.831
82.152 1285.831
82.653 1285.831
83.154 1285.831
83.654 1285.831
84.156 1285.831
84.657 1285.344
85.157 1285.344
85.658 1280.600
86.158 1280.600
86.659 1280.600
87.159 1280.600
87.660 1280.600
88.161 1272.179
88.661 1267.266
89.161 1267.179
89.663 1266.547
90.164 1266.547
90.665 1266.409
91.167 1261.456
91.668 1257.799
92.169 1257.777
92.670 1257.777
93.171 1257.777
93.672 1257.262
94.173 1257.262
94.674 1257.262
95.174 1256.991
95.674 1256.991
96.175 1256.991
96.676 1256.991
97.176 1256.991
97.677 1256.991
98.178 1256.991
98.679 1256.991
99.180 1256.991
99.680 1256.991
100.181 1256.991
100.681 1256.991
101.182 1256.991
101.684 1256.991
102.184 1256.991
