0.000 13006.463
0.501 10390.617
1.001 10390.617
1.503 10390.617
2.005 10048.139
2.506 9610.812
3.008 9573.561
3.510 9573.561
4.011 9573.561
4.512 9573.561
5.012 9573.561
5.513 9573.561
6.015 9573.561
6.515 9573.561
7.017 9475.355
7.519 9475.355
8.020 9475.355
8.521 9454.524
9.022 9222.128
9.524 9222.128
10.026 9222.128
10.526 9222.128
11.028 9011.030
11.530 8784.300
12.030 8753.528
12.532 8739.236
13.033 8384.416
13.534 8384.416
14.035 8384.416
14.536 8204.224
15.038 8204.224
15.538 8204.224
16.039 8204.224
16.541 8112.545
17.042 8111.535
17.543 7869.894
18.045 7791.513
18.547 7600.055
19.047 7600.055
19.548 7600.055
20.050 7521.717
20.551 7521.717
21.053 7449.501
21.555 7065.242
22.056 6997.934
22.558 6874.793
23.058 6874.793
23.559 6874.793
24.061 6874.793
24.562 6874.793
25.063 6869.595
25.564 6854.356
26.064 6842.738
26.565 6725.331
27.067 6693.248
27.567 6529.989
28.068 6493.753
28.569 6249.152
29.071 6170.689
29.571 6021.167
30.072 5940.524
30.572 5940.524
31.074 5900.156
31.575 5807.665
32.077 5705.745
32.577 5687.525
33.079 5650.737
33.579 5506.636
34.080 5506.636
34.581 5440.904
35.083 5383.278
35.585 5383.278
36.085 5355.858
36.587 5355.858
37.088 5355.858
37.589 5303.190
38.089 5241.810
38.591 5173.855
39.092 5089.629
39.593 5089.629
40.093 5089.629
40.594 4938.561
41.095 4821.360
41.595 4821.360
42.096 4727.346
42.597 4727.346
43.098 4727.346
43.600 4691.645
44.101 4661.072
44.603 4618.658
45.104 4612.744
45.605 4578.278
46.105 4578.278
46.607 4549.564
47.107 4521.447
47.608 4475.118
48.109 4382.015
48.610 4354.193
49.110 4277.013
49.610 4238.215
50.111 4238.215
50.612 4238.215
51.113 4191.092
51.615 4176.973
52.116 4176.973
52.617 4153.402
53.119 4136.707
53.621 4131.145
54.122 4062.620
54.623 3978.033
55.125 3933.645
55.627 3927.088
56.129 3911.821
56.631 3889.643
57.131 3842.568
57.632 3807.583
58.133 3772.961
58.633 3752.329
59.135 3741.848
59.635 3712.533
60.137 3707.580
60.637 3700.149
61.138 3684.728
61.639 3667.889
62.141 3636.867
62.643 3616.493
63.144 3607.080
63.645 3584.009
64.145 3581.376
64.646 3570.917
65.148 3570.115
65.649 3554.334
66.151 3550.312
66.651 3550.312
67.154 3546.270
67.655 3509.793
68.155 3509.793
68.656 3492.904
69.156 3492.904
69.657 3485.736
70.158 3454.966
70.659 3454.966
71.160 3448.690
71.661 3425.747
72.163 3417.825
72.664 3411.538
73.165 3411.538
73.667 3397.821
74.169 3351.527
74.671 3351.527
75.171 3348.783
75.672 3320.394
76.174 3304.015
76.674 3303.353
77.174 3297.888
77.675 3297.888
78.176 3294.943
78.677 3291.856
79.177 3285.812
79.680 3276.301
80.181 3266.496
80.682 3260.346
81.184 3255.546
81.684 3255.091
82.187 3255.091
82.687 3255.091
83.188 3251.931
83.690 3234.383
84.190 3234.383
84.695 3211.497
85.197 3202.259
85.698 3188.885
86.199 3183.716
86.700 3183.716
87.201 3167.371
87.703 3155.315
88.204 3151.913
88.705 3146.102
89.208 3140.059
89.708 3131.451
90.210 3116.882
90.711 3114.359
91.211 3114.359
91.712 3105.118
92.212 3099.043
92.714 3079.351
93.216 3078.990
93.716 3078.990
94.216 3065.464
94.717 3061.427
95.219 3054.768
95.719 3054.243
96.220 3051.397
96.721 3051.397
97.221 3045.231
97.723 3045.231
98.225 3034.375
98.726 3034.375
99.227 3032.427
99.729 3020.767
100.231 3013.205
100.732 3012.516
