0.000 1778.519
0.501 1174.791
1.002 1126.316
1.502 1101.381
2.003 1070.703
2.504 926.796
3.004 926.796
3.505 926.796
4.006 926.796
4.507 926.796
5.008 926.796
5.509 926.796
6.009 926.796
6.510 926.796
7.011 926.796
7.512 926.796
8.013 926.796
8.514 926.796
9.014 926.796
9.515 849.979
10.016 849.979
10.517 849.979
11.018 849.979
11.519 777.969
12.020 777.969
12.520 777.969
13.021 777.969
13.521 777.969
14.022 777.969
14.523 777.969
15.024 777.969
15.524 777.969
16.024 777.969
16.525 746.520
17.026 735.632
17.526 665.519
18.027 664.748
18.527 664.748
19.028 664.748
19.529 664.748
20.029 664.748
20.530 641.519
21.031 641.519
21.532 641.519
22.032 641.519
22.532 641.519
23.032 625.610
23.534 625.610
24.034 625.610
24.534 625.610
25.035 625.610
25.536 623.662
26.036 608.985
26.538 608.985
27.039 606.750
27.540 586.273
28.040 586.273
28.541 586.273
29.042 586.273
29.543 577.354
30.043 577.354
30.543 577.354
31.044 577.354
31.545 577.354
32.047 577.354
32.547 577.354
33.048 577.354
33.549 568.585
34.050 568.585
34.551 568.585
35.052 568.585
35.552 568.585
36.053 568.585
36.553 568.585
37.055 568.585
37.555 568.585
38.056 568.585
38.557 568.585
39.058 568.585
39.559 568.585
40.060 568.585
40.561 568.585
41.062 568.585
41.563 568.585
42.064 568.585
42.565 567.380
43.065 567.380
43.566 567.380
44.067 566.905
44.567 566.905
45.069 566.905
45.569 566.905
46.071 566.905
46.571 566.905
47.072 566.905
47.573 566.905
48.074 566.905
48.574 566.819
49.074 564.524
49.575 564.034
50.077 564.034
50.577 564.034
51.079 564.034
51.580 564.034
52.080 564.034
52.581 564.034
53.082 564.034
53.582 564.034
54.083 564.034
54.583 564.034
55.084 564.034
55.584 564.034
56.085 564.034
56.585 564.034
57.086 564.034
57.587 564.034
58.087 564.034
58.588 564.034
59.090 564.034
59.591 564.034
60.091 564.034
60.592 564.034
61.093 564.034
61.594 564.034
62.094 564.034
62.596 564.034
63.097 564.034
63.597 564.034
64.098 564.034
64.599 564.034
65.101 564.034
65.602 564.034
66.103 564.034
66.604 564.034
67.105 564.034
67.605 564.034
68.105 564.034
68.606 564.034
69.106 564.034
69.607 564.034
70.108 564.034
70.608 564.034
71.109 564.034
71.609 564.034
72.109 564.034
72.610 564.034
73.111 564.034
73.611 564.034
74.112 564.034
74.612 564.034
75.114 564.034
75.615 564.034
76.116 564.034
76.616 564.034
77.116 564.034
77.617 564.034
78.117 564.034
78.618 564.034
79.118 564.034
79.619 564.034
80.120 564.034
80.621 564.034
81.122 564.034
81.623 564.034
82.124 564.034
82.624 564.034
83.124 564.034
83.625 564.034
84.126 564.034
84.626 564.034
85.127 564.034
85.627 564.034
86.128 564.034
86.629 564.034
87.131 564.034
87.631 564.034
88.132 564.034
88.633 564.034
89.134 564.034
89.634 564.034
90.135 564.034
90.635 564.034
91.135 564.034
91.637 564.034
92.137 564.034
92.637 564.034
93.138 564.034
93.640 564.034
94.140 564.034
94.641 564.034
95.141 564.034
95.642 564.034
96.142 564.034
96.643 564.034
97.143 564.034
97.644 564.034
98.144 564.034
98.644 564.034
99.144 564.034
99.645 564.034
100.146 564.034
100.646 564.034
101.147 564.034
101.647 564.034
102.148 564.034
102.648 564.034
