0.500 44.902
1.000 44.382
1.500 44.382
2.000 44.382
2.500 43.560
3.000 43.560
3.500 43.560
4.000 36.466
4.500 36.466
5.000 36.466
5.500 36.466
6.000 36.466
6.500 36.466
7.000 36.466
7.500 36.466
8.000 36.466
8.500 36.466
9.000 36.466
9.500 36.466
10.000 36.466
10.500 36.466
11.000 36.466
11.500 36.466
12.000 36.466
12.500 36.466
13.000 36.466
13.500 36.466
14.000 36.466
14.500 36.466
15.000 36.466
15.500 36.466
16.001 36.466
16.501 36.466
17.001 36.466
17.501 36.466
18.001 36.466
18.501 36.466
19.001 36.466
19.501 36.466
20.001 36.466
20.501 36.466
21.001 36.466
21.501 36.466
22.001 36.466
22.501 36.466
23.001 36.466
23.501 36.466
24.001 36.466
24.501 36.466
25.001 36.466
25.501 36.466
26.001 36.466
26.501 36.466
27.001 36.466
27.501 36.466
28.001 36.466
28.501 36.466
29.001 36.466
29.501 36.466
30.001 36.466
30.501 36.466
31.001 36.466
31.501 36.466
32.001 36.466
32.501 36.466
33.002 36.466
33.502 36.466
34.002 36.466
34.502 36.466
35.002 36.466
35.502 36.466
36.002 36.466
36.502 36.466
37.002 36.466
37.502 36.466
38.002 36.466
38.502 36.466
39.002 36.466
39.502 36.466
40.002 36.466
40.502 36.466
41.002 36.466
41.502 36.466
42.002 36.466
42.502 36.466
43.002 36.466
43.502 36.466
44.002 36.466
44.502 36.466
45.002 36.466
45.502 36.466
46.002 36.466
46.502 36.466
47.002 36.466
47.502 36.466
48.002 36.466
48.502 36.466
49.002 36.466
49.502 36.466
50.002 36.466
50.502 36.466
51.002 36.466
51.502 36.466
52.002 36.466
52.502 36.466
53.002 36.466
53.502 36.466
54.002 36.466
54.502 36.466
55.002 36.466
55.502 36.466
56.002 36.466
56.502 36.466
57.002 36.466
57.502 36.466
58.002 36.466
58.502 36.466
59.002 36.466
59.502 36.466
60.002 36.466
