0.000 64.969
0.500 38.762
1.001 31.182
1.502 27.785
2.003 27.785
2.503 27.785
3.004 27.785
3.505 27.785
4.006 27.785
4.507 27.785
5.007 27.785
5.508 27.785
6.009 27.785
6.509 27.785
7.009 27.785
7.510 27.785
8.012 27.785
8.513 27.785
9.014 27.785
9.515 27.785
10.015 27.785
10.516 27.785
11.016 27.785
11.518 27.785
12.018 27.785
12.519 27.785
13.021 27.785
13.521 27.785
14.021 27.785
14.522 27.785
15.023 27.785
15.524 27.785
16.024 27.785
16.525 27.785
17.025 27.785
17.526 27.785
18.027 27.785
18.528 27.785
19.029 27.785
19.530 27.785
20.030 27.785
20.530 27.785
21.030 27.785
21.532 27.785
22.032 27.785
22.533 27.785
23.034 27.785
23.534 27.785
24.035 27.785
24.535 27.785
25.036 27.785
25.537 27.785
26.039 27.785
26.540 27.785
27.040 27.785
27.541 26.863
28.041 26.401
28.541 26.401
29.042 26.401
29.543 26.401
30.044 26.401
30.545 26.401
31.046 26.401
31.546 26.401
32.046 26.401
32.548 26.401
33.049 26.401
33.550 26.401
34.050 26.401
34.551 26.401
35.053 26.401
35.553 26.401
36.054 26.401
36.555 26.401
37.056 26.401
37.557 26.401
38.057 26.401
38.557 26.401
39.058 26.401
39.558 26.401
40.059 26.401
40.560 26.401
41.060 26.401
41.560 26.401
42.062 26.401
42.562 26.401
43.062 26.401
43.563 26.401
44.064 26.401
44.565 26.401
45.066 26.401
45.568 26.401
46.068 26.401
46.569 26.401
47.070 26.401
47.570 26.401
48.070 26.401
48.570 26.401
49.071 26.401
49.572 23.786
50.073 23.786
50.574 23.786
51.074 23.786
51.577 23.786
52.077 23.786
52.577 23.786
53.078 23.786
53.579 23.786
54.080 23.786
54.582 23.786
55.083 23.786
55.584 23.786
56.084 23.786
56.585 23.786
57.086 23.786
57.586 23.786
58.086 23.786
58.586 23.786
59.087 23.786
59.588 23.786
60.089 23.786
