0.000 5278.239
0.500 4327.090
1.001 3803.980
1.502 3686.872
2.003 3686.872
2.504 3686.872
3.004 3645.079
3.505 3645.079
4.007 3543.332
4.508 3543.332
5.008 3355.166
5.508 3355.166
6.009 3355.166
6.510 3355.166
7.011 3355.166
7.512 3355.166
8.013 3311.821
8.513 3311.821
9.014 3217.244
9.516 3217.244
10.017 3194.219
10.517 3194.219
11.018 3194.219
11.518 3194.219
12.019 3141.045
12.520 3088.364
13.022 2944.303
13.522 2845.200
14.023 2845.200
14.525 2845.200
15.026 2845.200
15.526 2744.690
16.027 2744.690
16.528 2706.782
17.029 2632.001
17.531 2551.086
18.031 2467.856
18.533 2467.856
19.033 2439.175
19.535 2159.604
20.035 2159.604
20.535 2159.604
21.037 2159.604
21.538 2159.604
22.038 2149.528
22.540 1988.827
23.041 1973.371
23.541 1973.371
24.042 1973.371
24.544 1950.025
25.044 1939.048
25.546 1939.048
26.047 1939.048
26.548 1926.109
27.050 1851.971
27.550 1819.500
28.051 1711.100
28.551 1666.578
29.052 1601.603
29.553 1562.102
30.054 1562.102
30.554 1518.786
31.055 1518.786
31.555 1476.787
32.056 1460.024
32.557 1375.214
33.058 1362.364
33.558 1308.231
34.058 1299.904
34.560 1299.904
35.060 1281.614
35.561 1243.713
36.061 1203.673
36.562 1176.377
37.064 1161.680
37.564 1151.455
38.065 1137.260
38.566 1137.260
39.067 1124.353
39.568 1124.353
40.069 1109.300
40.569 1109.300
41.070 1109.300
41.571 1084.965
42.072 1048.136
42.573 1023.331
43.074 1010.361
43.574 993.208
44.075 986.111
44.575 973.198
45.076 936.990
45.577 924.755
46.077 924.755
46.578 924.755
47.079 913.921
47.580 913.921
48.082 913.921
48.583 908.086
49.084 898.882
49.585 898.881
50.087 893.052
50.588 878.048
51.090 865.497
51.591 859.222
52.091 843.641
52.592 834.965
53.094 828.682
53.595 825.862
54.097 813.198
54.598 810.348
55.099 810.348
55.600 806.242
56.100 806.242
56.602 806.242
57.103 806.242
57.603 806.242
58.104 801.032
58.604 788.804
59.105 782.487
59.606 782.487
60.107 782.487
60.607 782.487
61.109 781.241
61.609 780.968
62.110 778.310
62.610 776.846
63.110 776.846
63.611 773.444
64.112 770.181
64.612 768.412
65.113 761.797
65.613 761.651
66.114 758.491
66.615 748.870
67.116 745.732
67.616 745.732
68.117 742.999
68.618 741.785
69.119 725.951
69.621 719.881
70.121 719.702
70.622 719.702
71.122 714.260
71.623 714.195
72.123 705.098
72.625 705.098
73.126 701.838
73.627 701.811
74.127 701.687
74.628 701.523
75.128 695.222
75.628 695.052
76.130 695.052
76.630 695.052
77.131 692.386
77.633 688.275
78.134 682.146
78.635 682.146
79.135 682.001
79.635 681.943
80.136 681.937
80.637 680.832
81.138 680.241
81.640 670.760
82.141 667.646
82.642 664.328
83.143 658.008
83.643 646.370
84.144 646.329
84.645 646.329
85.146 646.329
85.646 643.379
86.147 643.373
86.648 643.313
87.148 643.292
87.650 643.292
88.150 643.292
88.652 643.292
89.152 643.292
89.652 643.292
90.153 643.292
90.654 640.348
91.155 640.239
91.656 640.217
92.156 640.217
92.657 640.217
93.158 640.217
93.658 640.217
94.160 640.217
94.660 640.217
95.162 640.217
95.662 639.754
96.163 636.642
96.665 634.111
97.166 634.089
97.667 630.947
98.167 630.881
98.669 630.881
99.169 630.881
99.670 630.881
100.171 630.881
100.672 630.881
