0.500 4394.399
1.000 4293.569
1.500 4225.910
2.000 4225.910
2.500 4225.910
3.000 4225.910
3.500 4225.910
4.000 4225.910
4.500 4225.910
5.000 4225.910
5.500 4225.910
6.000 4225.910
6.500 4225.910
7.000 4225.910
7.500 4225.910
8.000 4225.910
8.500 4212.841
9.000 4212.841
9.500 4212.841
10.000 4212.841
10.500 4212.841
11.000 4212.841
11.500 4212.841
12.000 4212.841
12.500 4212.841
13.000 4212.841
13.500 4212.841
14.000 4212.841
14.500 4212.841
15.000 4212.841
15.501 4212.841
16.001 4212.841
16.501 4212.841
17.001 4212.841
17.501 4212.841
18.001 4212.841
18.501 4212.841
19.001 4212.841
19.501 4212.841
20.001 4212.841
20.501 4212.841
21.001 4212.841
21.501 4212.841
22.001 4212.841
22.501 4212.841
23.001 4212.841
23.501 4212.841
24.001 4212.841
24.501 4212.841
25.001 4212.841
25.501 4212.841
26.001 4212.841
26.501 4212.841
27.001 4212.841
27.501 4212.841
28.001 4132.343
28.501 4132.343
29.001 4132.343
29.501 4132.343
30.001 4132.343
30.501 4132.343
31.001 4132.343
31.501 4132.343
32.001 4132.343
32.501 4132.343
33.001 4132.343
33.501 4132.343
34.001 4132.343
34.501 4132.343
35.001 4132.343
35.501 4132.343
36.001 4132.343
36.501 4132.343
37.001 4132.343
37.501 4132.343
38.001 4132.343
38.501 4132.343
39.001 4132.343
39.501 4132.343
40.001 4132.343
40.501 4132.343
41.002 4132.343
41.502 4132.343
42.002 4132.343
42.502 4132.343
43.002 4132.343
43.502 4132.343
44.002 4132.343
44.502 4132.343
45.002 4132.343
45.502 4132.343
46.002 4132.343
46.502 4132.343
47.002 4132.343
47.502 4132.343
48.002 4132.343
48.502 4132.343
49.002 4132.343
49.502 4132.343
50.002 4132.343
50.502 4132.343
51.002 4132.343
51.502 4132.343
52.002 4132.343
52.502 4132.343
53.002 4132.343
53.502 4132.343
54.002 4132.343
54.502 4132.343
55.002 4132.343
55.502 4132.343
56.002 4132.343
56.502 4132.343
57.002 4132.343
57.502 4132.343
58.002 4132.343
58.502 4132.343
59.002 4132.343
59.502 4132.343
60.002 4132.343
60.502 4132.343
61.002 4132.343
61.502 4132.343
62.002 4132.343
62.502 4132.343
63.002 4132.343
63.502 4132.343
64.002 4132.343
64.502 4132.343
65.002 4132.343
65.502 4132.343
66.002 4132.343
66.502 4132.343
67.002 4132.343
67.502 4132.343
68.002 4132.343
68.502 4132.343
69.002 4132.343
69.502 4132.343
70.002 4132.343
70.502 4132.343
71.002 4132.343
71.502 4132.343
72.002 4132.343
72.502 4132.343
73.002 4132.343
73.502 4132.343
74.003 4132.343
74.503 4132.343
75.003 4132.343
75.503 4132.343
76.003 4132.343
76.503 4132.343
77.003 4132.343
77.503 4132.343
78.003 4132.343
78.503 4132.343
79.003 4132.343
79.503 4132.343
80.003 4087.459
80.503 4087.459
81.003 4087.459
81.503 4087.459
82.003 4087.459
82.503 4087.459
83.003 4087.459
83.503 4087.459
84.003 4087.459
84.503 4087.459
85.003 4087.459
85.503 4087.459
86.003 4087.459
86.503 4087.459
87.003 4087.459
87.503 4087.459
88.003 4087.459
88.503 4087.459
89.003 4087.459
89.503 4087.459
90.003 4087.459
90.503 4087.459
91.003 4087.459
91.503 4087.459
92.003 4087.459
92.503 4087.459
93.003 4087.459
93.503 4087.459
94.003 4087.459
94.503 4087.459
95.003 4087.459
95.503 4087.459
96.003 4087.459
96.503 4087.459
97.003 4087.459
97.503 4087.459
98.003 4087.459
98.503 4087.459
99.003 4087.459
99.503 4087.459
100.003 4087.459
100.503 4087.459
101.003 4087.459
101.503 4087.459
102.003 4087.459
102.503 4087.459
103.003 4087.459
103.503 4087.459
104.003 4087.459
104.503 4087.459
105.003 4087.459
105.503 4087.459
106.003 4087.459
106.504 4087.459
107.004 4087.459
107.504 4087.459
108.004 4087.459
108.504 4087.459
109.004 4087.459
109.504 4087.459
110.004 4087.459
110.504 4087.459
111.004 4087.459
111.504 4087.459
112.004 4087.459
112.504 4087.459
