0.000 3208.929
0.500 2478.067
1.001 2271.853
1.502 2083.335
2.003 2083.335
2.504 2083.335
3.005 2083.335
3.506 2083.335
4.007 2083.335
4.508 2083.335
5.009 2083.335
5.509 2083.335
6.010 2083.335
6.511 1912.092
7.012 1912.092
7.513 1912.092
8.014 1912.092
8.515 1912.092
9.016 1912.092
9.516 1892.398
10.017 1773.129
10.517 1773.129
11.019 1718.843
11.519 1704.295
12.021 1694.093
12.522 1694.093
13.023 1694.093
13.523 1694.093
14.025 1694.093
14.526 1676.279
15.027 1573.295
15.527 1573.295
16.028 1573.295
16.529 1573.295
17.030 1573.295
17.530 1573.295
18.031 1573.295
18.532 1520.437
19.033 1423.131
19.534 1380.432
20.034 1360.662
20.535 1312.649
21.035 1312.649
21.536 1312.649
22.036 1307.443
22.537 1307.443
23.038 1307.443
23.540 1274.057
24.041 1246.328
24.542 1208.183
25.042 1208.183
25.543 1208.183
26.044 1208.183
26.544 1127.627
27.046 1119.256
27.546 1099.966
28.046 1079.689
28.547 1079.689
29.048 1079.689
29.549 1079.689
30.050 1079.689
30.551 1079.689
31.051 1079.689
31.552 1079.689
32.053 1079.689
32.554 1079.689
33.056 1079.689
33.556 1079.689
34.057 1079.689
34.558 1070.606
35.059 1069.170
35.560 1035.566
36.061 1029.194
36.562 1028.647
37.063 1026.188
37.563 1026.188
38.065 1026.188
38.566 1026.188
39.066 1026.188
39.567 1026.188
40.067 1026.188
40.568 1008.892
41.069 1005.384
41.569 1001.169
42.070 994.854
42.570 989.358
43.071 989.181
43.571 989.181
44.071 982.354
44.571 965.872
45.072 965.872
45.573 965.872
46.074 964.869
46.574 957.131
47.074 956.523
47.576 945.967
48.076 944.124
48.577 941.417
49.077 941.417
49.579 941.417
50.079 941.417
50.580 941.417
51.080 941.417
51.581 940.656
52.081 940.656
52.581 929.532
53.082 929.532
53.582 929.532
54.084 929.532
54.585 929.532
55.086 929.532
55.586 929.532
56.087 929.532
56.588 929.532
57.090 929.532
57.590 929.532
58.090 929.532
58.592 929.532
59.093 929.532
59.595 929.187
60.096 929.187
60.596 929.187
61.098 928.448
61.600 928.448
62.100 928.448
62.601 928.448
63.102 928.448
63.602 928.448
64.103 928.448
64.604 928.448
65.104 928.448
65.604 928.448
66.105 928.448
66.606 928.448
67.106 928.448
67.608 928.448
68.108 928.256
68.611 928.051
69.112 927.857
69.612 927.857
70.113 920.497
70.615 920.497
71.116 920.497
71.617 920.497
72.118 919.993
72.618 919.993
73.120 919.993
73.621 919.993
74.122 919.714
74.623 919.714
75.123 919.714
75.623 919.714
76.124 919.714
76.625 919.538
77.125 919.538
77.626 919.538
78.128 919.538
78.629 919.538
79.129 919.538
79.629 919.538
80.129 919.333
80.630 919.333
81.131 919.333
81.632 915.674
82.133 915.674
82.634 914.127
83.135 914.127
83.636 914.127
84.136 914.127
84.636 914.127
85.136 914.055
85.638 914.055
86.139 914.055
86.640 914.055
87.140 914.055
87.641 908.739
88.142 908.739
88.644 908.739
89.144 908.739
89.645 908.739
90.145 908.562
90.645 908.562
91.147 908.562
91.647 908.562
92.147 908.562
92.648 907.430
93.149 907.430
93.649 907.382
94.149 907.382
94.650 907.382
95.150 907.382
95.650 907.382
96.151 907.382
96.651 907.382
97.153 907.382
97.654 907.382
98.155 907.382
98.657 907.382
99.158 907.382
99.659 907.382
100.160 907.382
100.661 907.382
101.162 907.382
101.663 907.382
