7.880794511821935799e-01 1.977286897992989401e+00
1.666392683622595072e-01 4.472705083277987992e-01
1.974165952406487401e+00 7.741666606278838625e-01
1.986320105035891181e+00 8.351587114768004305e-01
4.122975938661476158e-01 1.809077179151952430e+00
6.634270378775319887e-01 5.834260945495273187e-02
1.933922764778246428e+00 1.357474851463646770e+00
9.247832317155424420e-03 8.643160207255671246e-01
1.557601230469359610e+00 1.830108949342829527e+00
4.441837484886324017e-01 1.686948246547167463e-01
1.999998882114722765e+00 1.001495248910715619e+00
3.620672536326795532e-01 1.770092079632200832e+00
4.697486368440340065e-01 1.521595127199693032e-01
1.138722495164472326e+00 9.668707282586730400e-03
1.769543816469951514e+00 3.614059861438868593e-01
1.007927691376946377e-01 5.624770223577456596e-01
1.827522822820503379e+00 1.561432077558083220e+00
6.530958411275948894e-01 1.937900583514601038e+00
1.402811164144155631e+00 1.915283107044388755e+00
2.290184510583616051e-01 3.631425189325699909e-01
1.598889972660970216e+00 1.991686815276624278e-01
1.141002138239559649e-01 5.361233258146737013e-01
1.754426781764004906e+00 3.436157901372043355e-01
1.900082364394287016e+00 1.435719792190336186e+00
1.400707663567515970e+00 8.379403606052504561e-02
1.013508059677627360e+00 1.999908761999686480e+00
1.387661777849145350e+00 7.819831525710485565e-02
1.918030313551395860e+00 6.034897940774714975e-01
1.396935623669120830e+00 8.215354733898649897e-02
1.012026843974195289e+00 1.999927674896549767e+00
1.162902901767981501e-02 8.479380924772230710e-01
1.992718798303236394e+00 1.120454918933923461e+00
2.778116246116502097e-02 1.234073774555451530e+00
1.912443752237127814e+00 1.409202149314285446e+00
8.703170875200705314e-02 1.408030512554784064e+00
8.389151691632490415e-01 1.986940564205512461e+00
7.618680533484801787e-01 2.876718754772411568e-02
8.908376816574867796e-01 5.976062534665205206e-03
8.039092632334650101e-01 1.980585755023168471e+00
9.526077362925098324e-01 1.998876355381725922e+00
4.002498492659900542e-02 1.280085648391386721e+00
1.118236403905498388e+00 1.992985474612542163e+00
7.129817207678526003e-01 1.957925105311796976e+00
3.427328146793013897e-01 1.753657645818448962e+00
4.845598410549086799e-01 1.856925575850469690e+00
6.024361719358960476e-01 1.917574521559429312e+00
1.906475298927485795e+00 5.777411546997203162e-01
6.578220493521413914e-03 1.114512741658653106e+00
4.092750697351481559e-01 1.806873011547409424e+00
5.318304482574587322e-01 1.883638653987696365e+00
