0.000 5216.848
0.501 3658.644
1.001 3658.644
1.502 3658.644
2.002 3658.644
2.503 3658.644
3.004 3658.644
3.505 3658.644
4.006 3658.644
4.507 3485.655
5.007 3485.655
5.508 3478.516
6.009 3429.047
6.509 3429.047
7.010 3415.403
7.511 3415.403
8.013 3415.403
8.513 3365.918
9.013 3294.815
9.513 3294.815
10.015 3259.662
10.516 3004.014
11.016 3004.014
11.517 3004.014
12.018 3004.014
12.520 3004.014
13.020 2948.175
13.522 2730.440
14.024 2730.440
14.524 2727.693
15.025 2716.677
15.526 2699.956
16.027 2677.957
16.528 2587.555
17.029 2587.555
17.529 2461.261
18.029 2194.713
18.531 2173.189
19.031 2052.388
19.532 2052.388
20.034 2052.388
20.534 2052.388
21.035 2052.388
21.535 2052.388
22.036 2052.388
22.536 2052.388
23.037 2052.388
23.537 2012.856
24.038 1945.398
24.538 1837.930
25.039 1822.071
25.540 1784.341
26.041 1686.637
26.542 1686.637
27.043 1686.637
27.544 1659.621
28.044 1659.621
28.546 1659.621
29.047 1630.474
29.549 1612.270
30.049 1612.270
30.550 1563.469
31.051 1469.621
31.551 1469.621
32.053 1447.782
32.554 1447.782
33.056 1447.782
33.558 1447.782
34.058 1447.782
34.560 1440.245
35.061 1429.860
35.561 1390.435
36.062 1356.570
36.564 1356.570
37.066 1355.103
37.566 1355.103
38.067 1355.103
38.567 1335.971
39.067 1311.231
39.568 1235.525
40.069 1225.140
40.570 1215.847
41.070 1215.847
41.570 1215.847
42.072 1215.662
42.572 1215.662
43.072 1202.356
43.573 1173.773
44.073 1161.666
44.573 1134.788
45.074 1134.219
45.574 1118.052
46.075 1111.676
46.575 1104.627
47.076 1104.627
47.577 1080.726
48.079 1079.385
48.581 1079.385
49.083 1068.277
49.583 1068.277
50.083 1068.277
50.585 1068.277
51.085 1053.165
51.586 1050.038
52.088 1046.891
52.588 1043.823
53.089 1043.823
53.590 1016.771
54.091 1001.852
54.593 995.564
55.093 990.533
55.595 983.704
56.096 977.399
56.596 977.399
57.097 975.146
57.599 972.011
58.099 967.767
58.601 961.390
59.102 951.956
59.603 942.164
60.104 935.270
60.605 934.812
61.106 932.725
61.607 929.111
62.109 925.963
62.610 915.292
63.111 913.304
63.611 910.472
64.111 900.968
64.612 900.059
65.114 896.944
65.615 896.944
66.115 896.878
66.616 896.420
67.117 896.420
67.617 890.438
68.118 886.598
68.619 886.440
69.120 884.596
69.621 876.851
70.122 876.777
70.622 874.973
71.124 874.973
71.625 874.374
72.125 868.205
72.626 867.894
73.127 867.667
73.628 867.594
74.130 864.436
74.631 864.435
75.132 864.435
75.632 861.145
76.133 857.850
76.633 857.850
77.134 857.811
77.635 852.256
78.136 845.989
78.636 845.720
79.137 839.490
79.639 839.490
80.140 837.626
80.642 834.576
81.142 830.566
81.642 830.566
82.143 830.566
82.645 824.158
83.146 820.857
83.646 820.727
84.148 820.727
84.648 820.727
85.149 820.727
85.650 820.727
86.152 820.727
86.652 820.727
87.153 820.726
87.654 820.273
88.154 820.273
88.655 820.273
89.157 820.273
89.657 820.273
90.159 818.013
90.659 816.632
91.160 815.822
91.660 815.596
92.161 815.596
92.662 815.596
93.164 811.671
93.666 811.671
94.166 811.432
94.667 804.319
95.167 803.550
95.668 800.350
96.169 799.489
96.670 798.723
97.172 798.723
97.673 794.742
98.174 794.742
98.675 794.742
99.176 794.742
99.677 794.738
100.177 794.738
100.678 794.738
