0.000 5317.225
0.500 4034.804
1.001 4034.804
1.502 4007.674
2.003 3751.203
2.504 3751.203
3.004 3751.203
3.505 3482.369
4.007 3482.369
4.507 3482.369
5.007 3482.369
5.507 3482.369
6.008 3482.369
6.508 3482.369
7.009 3482.369
7.509 3347.316
8.011 3347.316
8.512 3049.340
9.012 3048.906
9.512 3048.906
10.014 3048.906
10.514 3048.906
11.014 3048.906
11.515 2903.073
12.015 2903.073
12.516 2903.073
13.016 2873.355
13.517 2674.688
14.018 2546.828
14.519 2546.828
15.021 2546.828
15.522 2546.828
16.023 2546.828
16.523 2546.828
17.025 2546.828
17.525 2546.828
18.027 2546.828
18.528 2435.024
19.030 2385.603
19.531 2292.960
20.033 2292.960
20.534 2292.960
21.034 2134.309
21.535 2118.011
22.036 2057.711
22.537 2020.175
23.039 1945.214
23.540 1865.285
24.041 1865.285
24.541 1865.285
25.043 1865.285
25.544 1827.763
26.045 1679.659
26.545 1602.439
27.046 1602.439
27.547 1602.439
28.047 1602.439
28.548 1602.439
29.050 1602.439
29.550 1593.784
30.051 1511.046
30.552 1467.430
31.053 1425.584
31.554 1425.584
32.056 1425.584
32.556 1356.826
33.057 1326.181
33.557 1326.181
34.058 1302.691
34.560 1302.691
35.061 1302.691
35.562 1276.690
36.062 1267.858
36.562 1200.208
37.062 1178.917
37.564 1178.886
38.065 1178.886
38.566 1178.886
39.067 1178.886
39.567 1177.578
40.067 1174.165
40.568 1174.165
41.069 1168.147
41.569 1160.247
42.071 1132.066
42.571 1117.237
43.071 1114.221
43.572 1114.221
44.073 1114.221
44.573 1108.045
45.075 1108.045
45.575 1106.154
46.076 1106.154
46.578 1106.154
47.078 1090.188
47.578 1090.188
48.080 1056.646
48.581 1053.054
49.081 1041.911
49.583 1030.494
50.083 1016.355
50.584 1007.489
51.085 998.579
51.585 975.923
52.086 975.923
52.587 970.102
53.088 966.158
53.588 963.923
54.089 963.923
54.590 944.492
55.091 944.492
55.592 944.492
56.092 944.492
56.593 944.492
57.093 944.492
57.594 944.492
58.095 935.074
58.596 925.918
59.097 901.631
59.599 895.480
60.100 894.450
60.601 885.343
61.101 885.343
61.603 876.789
62.105 876.789
62.606 873.964
63.106 872.954
63.607 872.848
64.107 868.880
64.608 868.470
65.109 866.925
65.610 860.995
66.112 860.154
66.613 847.418
67.113 847.183
67.614 847.089
68.115 844.761
68.616 844.761
69.118 844.761
69.619 844.761
70.120 844.761
70.622 834.142
71.123 833.880
71.623 831.382
72.125 831.225
72.625 823.128
73.126 822.825
73.627 822.825
74.128 822.825
74.630 822.825
75.134 819.835
75.635 806.940
76.137 800.634
76.638 797.311
77.139 791.077
77.640 791.077
78.142 791.077
78.642 791.077
79.142 791.077
79.643 791.077
80.145 791.077
80.646 791.077
81.147 788.601
81.647 788.601
82.149 788.601
82.649 788.015
83.150 787.947
83.651 787.947
84.152 787.943
84.653 787.542
85.153 786.434
85.655 786.434
86.155 783.178
86.656 783.178
87.157 783.025
87.659 782.797
88.159 782.797
88.660 782.695
89.161 782.695
89.662 782.695
90.162 782.695
90.663 782.695
91.165 782.695
91.666 780.393
92.168 780.393
92.668 780.393
93.168 780.393
93.669 780.393
94.170 780.393
94.671 780.393
95.173 779.902
95.674 779.539
96.175 779.194
96.676 779.041
97.177 778.782
97.679 775.604
98.179 775.562
98.680 775.562
99.182 775.493
99.682 775.493
100.182 775.336
100.683 775.048
