0.000 4871.561
0.501 3829.121
1.002 3829.121
1.503 3829.121
2.004 3737.453
2.505 3737.453
3.006 3737.453
3.507 3713.090
4.009 3600.073
4.509 3533.900
5.010 3533.900
5.511 3533.900
6.011 3533.900
6.511 3533.900
7.013 3334.277
7.513 3220.151
8.013 3220.151
8.515 3220.151
9.015 3220.151
9.516 3220.151
10.017 3145.146
10.518 3145.146
11.019 2996.390
11.520 2733.102
12.021 2733.102
12.522 2733.102
13.022 2733.102
13.523 2663.133
14.024 2663.133
14.525 2532.197
15.026 2532.197
15.526 2532.197
16.026 2532.197
16.527 2422.860
17.029 2170.010
17.529 2086.559
18.031 2086.559
18.532 2086.559
19.033 2086.559
19.534 2086.559
20.034 2086.559
20.535 2086.559
21.035 2086.559
21.536 2086.559
22.037 2082.534
22.539 2019.563
23.039 2019.563
23.540 1928.603
24.041 1928.603
24.541 1928.603
25.042 1928.603
25.543 1928.603
26.043 1924.469
26.545 1924.174
27.045 1924.174
27.546 1924.174
28.046 1924.174
28.548 1912.255
29.048 1892.286
29.549 1861.056
30.050 1790.076
30.552 1737.164
31.052 1737.164
31.553 1727.387
32.055 1700.290
32.556 1700.290
33.057 1623.189
33.558 1599.039
34.058 1546.009
34.559 1534.715
35.061 1534.715
35.562 1534.494
36.063 1511.686
36.564 1475.965
37.064 1475.721
37.564 1463.380
38.065 1451.806
38.565 1451.806
39.067 1451.806
39.567 1451.806
40.069 1451.806
40.570 1451.806
41.071 1432.170
41.572 1398.668
42.072 1368.272
42.572 1361.996
43.074 1333.154
43.575 1310.467
44.075 1280.809
44.577 1280.809
45.077 1280.809
45.577 1255.146
46.077 1250.141
46.579 1227.661
47.080 1169.775
47.580 1160.315
48.080 1132.026
48.581 1128.881
49.081 1124.063
49.582 1104.992
50.083 1101.716
50.583 1101.716
51.085 1087.731
51.586 1070.676
52.088 1070.676
52.589 1067.780
53.089 1065.062
53.589 1047.801
54.090 1032.264
54.592 1029.206
55.092 1001.000
55.593 1001.000
56.094 995.630
56.595 984.947
57.095 982.667
57.596 981.869
58.097 981.869
58.598 979.766
59.099 976.572
59.599 971.220
60.101 963.485
60.601 947.324
61.102 945.511
61.604 937.174
62.105 937.174
62.606 937.174
63.107 937.004
63.609 935.022
64.110 931.586
64.612 928.451
65.113 919.067
65.613 914.570
66.114 911.183
66.615 911.183
67.116 904.277
67.616 894.160
68.117 886.869
68.618 886.778
69.119 880.610
69.621 878.451
70.121 875.460
70.621 869.099
71.122 865.910
71.624 865.717
72.125 865.640
72.626 862.241
73.128 862.241
73.629 855.950
74.130 855.950
74.631 849.951
75.132 849.951
75.633 849.951
76.133 843.069
76.634 843.059
77.135 843.059
77.635 839.846
78.137 839.846
78.637 839.846
79.137 839.634
79.638 836.524
80.138 836.524
80.641 836.524
81.141 836.406
81.641 836.369
82.142 836.369
82.643 836.369
83.145 832.984
83.645 830.450
84.146 830.449
84.646 830.449
85.147 830.449
85.647 830.449
86.148 830.449
86.650 830.449
87.151 830.449
87.652 829.021
88.154 829.000
88.654 829.000
89.155 826.921
89.656 824.013
90.157 824.013
90.658 824.013
91.160 820.863
91.662 820.307
92.162 820.230
92.662 819.973
93.163 819.970
93.664 819.970
94.166 819.871
94.666 819.871
95.168 819.871
95.668 819.871
96.169 819.871
96.670 819.871
97.170 819.871
97.671 819.823
98.171 819.823
98.672 818.995
99.173 818.995
99.674 817.486
100.175 816.819
100.676 816.803
